0 0
1 1
2 3
3 5
4 7
5 8
10 0
11 0
12 0
13 0
14 0
15 0
16 0
17 23
18 23
19 23
20 23
21 11
22 11
23 11
24 22
25 22
26 22
27 22
28 12
29 12
30 12
31 12
32 29
33 29
34 29
35 15
36 15
37 15
38 36
39 36
40 10
41 10
42 33
43 33
44 13
45 13
46 13
47 31
48 31
49 24
50 24
51 24
52 14
53 14
54 14
55 14
56 14
57 14
58 17
59 17
60 17
61 19
62 19
63 19
64 19
65 19
66 38
67 38
68 38
69 38
70 20
71 20
72 20
73 37
74 37
75 37
76 37
77 37
78 37
79 37
80 18
81 18
82 18
83 18
84 18
85 18
86 27
87 27
88 27
89 26
90 26
91 26
92 26
93 26
94 26
95 26
96 35
97 35
98 35
99 35
100 32
101 32
102 32
103 32
104 34
105 34
106 34
107 34
108 28
109 28
110 28
111 28
112 30
113 30
114 30
115 30
116 25
117 25
118 25
119 25
120 21
121 21
122 21
123 21
124 39
125 39
126 39
127 39
128 0
129 0
130 0
131 0
132 0
133 0
134 0
135 0
