0 0
1 0
2 0
3 0
4 0
5 0
10 1
11 2
12 8
13 37
14 35
15 34
16 31
17 36
18 33
19 32
20 28
21 30
22 27
23 26
24 24
25 29
26 22
27 23
28 25
29 20
30 19
31 18
32 21
33 15
34 10
35 11
36 3
37 16
38 17
39 12
40 14
41 4
42 13
43 9
44 5
45 37
46 36
47 35
48 34
49 33
50 32
51 31
52 30
53 29
54 28
55 27
56 26
57 25
58 24
59 23
60 15
61 22
62 21
63 20
64 19
65 18
66 14
67 13
68 12
69 17
70 16
71 11
72 10
73 9
74 8
75 5
76 4
77 3
78 2
79 1
80 37
81 36
82 35
83 34
84 33
85 32
86 31
87 30
88 29
89 28
90 27
91 26
92 37
93 36
94 35
95 34
96 33
97 32
98 31
99 30
100 29
101 28
102 27
103 26
104 37
105 36
106 35
107 34
108 33
109 32
110 31
111 30
112 29
113 28
114 27
115 26
116 37
117 36
118 35
119 34
120 33
121 32
122 31
123 30
124 29
125 28
126 27
127 26
128 21
129 14
130 47
131 29
132 9
133 10
134 45
135 48
136 48
